-52775   31912  5  -3
-52816   10731  5  -1
 42573  -31652 -4   3
-31611   31918  3  -3
 42585  -31656 -4   3
-10428   53102  1  -5
 31958  -10460 -3   1
-21020   10723  2  -1
-52770   10731  5  -1
 21400   10728 -2  -1
-10427  -42253  1   4
 21343   42515 -2  -4
-10417  -52846  1   5
 42558  -42251 -4   4
-21008   53106  2  -5
-10443   31912  1  -3
-31584   31919  3  -3
-31604   10726  3  -1
-52786  -21055  5   2
-10394   31918  1  -3
-52786   53109  5  -5
-52770   10722  5  -1
-21007  -10464  2   1
 21392  -31657 -2   3
 53180   31913 -5  -3
-10393   21319  1  -2
-10430   10724  1  -1
-20985  -42245  2   4
-31610  -10468  3   1
-20989  -42247  2   4
-21006   21317  2  -2
 10752  -31651 -1   3
 42577   31912 -4  -3
-42196  -21059  4   2
 10744  -10460 -1   1
-10443  -31658  1   3
 53185   31912 -5  -3
-52790  -21063  5   2
 31990  -21060 -3   2
 10776  -52845 -1   5
-31636   21324  3  -2
-10395  -42249  1   4
-31591   31912  3  -3
-10430  -21063  1   2
-10422   31912  1  -3
 10800  -42250 -1   4
-42199  -42248  4   4
 31950   42515 -3  -4
 31982   53104 -3  -5
 31982  -52845 -3   5
 10752   42510 -1  -4
 31958  -21054 -3   2
 10752  -10467 -1   1
 31977  -31649 -3   3
-10438  -10460  1   1
-20983   10726  2  -1
-10385   53109  1  -5
 42590  -52839 -4   5
-42180   21317  4  -2
-31592  -21063  3   2
-52782  -10466  5   1
-31604  -42251  3   4
-42198  -52848  4   5
-31632   42513  3  -4
-31601  -10468  3   1
-31632   21320  3  -2
-52773   10725  5  -1
-42205  -10459  4   1
 42533   21322 -4  -2
 53181   53106 -5  -5
 42533   53102 -4  -5
 53185  -42248 -5   4
 10797   10730 -1  -1
 53137   21326 -5  -2
 10776   42508 -1  -4
 21387  -42249 -2   4
 10805  -42250 -1   4
-20990   42512  2  -4
-52801   53102  5  -5
 42554   53111 -4  -5
-52809   53106  5  -5
-31588  -42249  3   4
-31595   31921  3  -3
 42553  -10468 -4   1
-52818  -42249  5   4
-20999  -42244  2   4
 53127   10731 -5  -1
 21347  -52842 -2   5
-52794   21323  5  -2
-42214   31912  4  -3
 42558  -52847 -4   5
-10414  -42244  1   4
-21025   10728  2  -1
-10398   10727  1  -1
-52794  -21056  5   2
 10800   53103 -1  -5
 42556  -21059 -4   2
-31610   42516  3  -4
 10780   42507 -1  -4
 31987  -52840 -3   5
 31952   53102 -3  -5
-21033  -42250  2   4
-52773  -10466  5   1
-42199   42511  4  -4
 21355  -10467 -2   1
-21029  -10459  2   1
-52775   10727  5  -1
-21009   31915  2  -3
-10389  -10464  1   1
 53156   31921 -5  -3
 31995   31920 -3  -3
-31620  -52839  3   5
 53158  -31654 -5   3
-42205   42512  4  -4
 31950   10725 -3  -1
-10430  -42250  1   4
-42206   53102  4  -5
 42573   10730 -4  -1
-42178   53111  4  -5
-10385   53106  1  -5
 31955   21320 -3  -2
 42558   10731 -4  -1
 42585  -31656 -4   3
 42558  -21063 -4   2
-31612  -10461  3   1
-10398   31921  1  -3
-52765   10724  5  -1
 42553   53109 -4  -5
-52810  -21061  5   2
-42181  -31654  4   3
-42175  -21058  4   2
-10427  -10468  1   1
 42529  -21055 -4   2
 10752   53109 -1  -5
 42561   53107 -4  -5
 31958  -31649 -3   3
 31968  -21063 -3   2
-10402  -52840  1   5
 42565  -52848 -4   5
 53184   31916 -5  -3
-52797   53111  5  -5
 42558  -52847 -4   5
-10394   53106  1  -5
-42199  -42252  4   4
-31592  -42250  3   4
 10765   53104 -1  -5
-52794   42509  5  -4
 21371   53107 -2  -5
-31616  -21063  3   2
-42170   31913  4  -3
-42199   42513  4  -4
 10797   53104 -1  -5
-42175   42511  4  -4
-20993   21326  2  -2
-31588   42513  3  -4
-20989   31919  2  -3
 53140   42509 -5  -4
 53172  -10464 -5   1
 53128   10724 -5  -1
-31592   42512  3  -4
 21347   10724 -2  -1
-52818  -21058  5   2
 10794   31912 -1  -3
-10414  -52845  1   5
-42219   21326  4  -2
 31952   31912 -3  -3
-10413   42507  1  -4
 21387  -31657 -2   3
 42557  -21054 -4   2
-20997   53104  2  -5
-21014  -10468  2   1
-10442   10723  1  -1
 42572  -21054 -4   2
-20991  -42249  2   4
-10435  -31649  1   3
 10770  -10463 -1   1
 31958   10730 -3  -1
-21015  -42244  2   4
-21039   53111  2  -5
-31592   31919  3  -3
-21022  -42249  2   4
 31966   10729 -3  -1
 53167  -10468 -5   1
-42183   21324  4  -2
 31955   31915 -3  -3
 42572   53111 -4  -5
-42170   53102  4  -5
 42590  -10466 -4   1
-31609   53106  3  -5
 42533  -10467 -4   1
-42215   10731  4  -1
-42170   10722  4  -1
-21004   53102  2  -5
 53167   10722 -5  -1
 53132  -52844 -5   5
 42529  -21055 -4   2
 31960   21322 -3  -2
-42175   42507  4  -4
 21342   21326 -2  -2
-52774   31916  5  -3
 21355  -42248 -2   4
 53140   10727 -5  -1
 21368   21317 -2  -2
 42585  -42246 -4   4
 10805  -10459 -1   1
 21383  -52845 -2   5
 53133  -31649 -5   3
-31580  -31658  3   3
 10792  -10463 -1   1
 10768  -52840 -1   5
-10420  -52848  1   5
-42203   31912  4  -3
 31974  -42245 -3   4
-52778   42515  5  -4
-42170   53106  4  -5
-10398  -10462  1   1
-52799  -52848  5   5
-42175   42515  4  -4
 53142  -21059 -5   2
 10772   42510 -1  -4
 53137   42516 -5  -4
-42187  -21062  4   2
 10805   31914 -1  -3
 21348   10731 -2  -1
-21023   10726  2  -1
 31950  -31655 -3   3
-10386  -31654  1   3
-21025  -21062  2   2
 31966   21318 -3  -2
-52776   31912  5  -3
 42569  -52841 -4   5
-31592   10724  3  -1
-10429   21317  1  -2
-31584   10729  3  -1
-52818   21320  5  -2
-21016  -10468  2   1
-52791   42507  5  -4
-42199   42515  4  -4
 31982  -10467 -3   1
-10442  -52848  1   5
 42565   10726 -4  -1
-42187  -10468  4   1
 42561  -52841 -4   5
 42549   31916 -4  -3
 53180  -52842 -5   5
 21347   21326 -2  -2
 53151   31921 -5  -3
 31938   10726 -3  -1
 31942  -52848 -3   5
 10788  -10464 -1   1
 42590   53103 -4  -5
 53180  -21055 -5   2
 31935   10731 -3  -1
-52802  -31651  5   3
-52776  -42249  5   4
 53185  -21062 -5   2
 53159   42511 -5  -4
 10772   10722 -1  -1
-31593   31912  3  -3
 10795   21322 -1  -2
-10436  -10459  1   1
 21388  -42249 -2   4
-10405   31921  1  -3
-52801   42513  5  -4
 42573   31915 -4  -3
 21355   53109 -2  -5
-21025   21323  2  -2
 53140  -10467 -5   1
-52767   10726  5  -1
 21347   31912 -2  -3
-42183   53107  4  -5
 31942  -10460 -3   1
-10401   53102  1  -5
 21400  -10459 -2   1
 42579   10722 -4  -1
 31936   42516 -3  -4
 53128  -21056 -5   2
-20997  -42253  2   4
-52777  -31658  5   3
-10430   21325  1  -2
 42545  -10464 -4   1
-21017  -52839  2   5
-31584   31912  3  -3
 53168  -21056 -5   2
-42199  -10459  4   1
 10803   53106 -1  -5
 21371   21317 -2  -2
-21040  -42244  2   4
-31577   42511  3  -4
 42573   21322 -4  -2
 31990   10728 -3  -1
 53175  -52844 -5   5
 42561   21323 -4  -2
-42223  -52840  4   5
 53152  -10468 -5   1
-52785   53111  5  -5
-31632  -31656  3   3
-21009  -10466  2   1
-21025  -31651  2   3
 10795   53106 -1  -5
 31978  -52844 -3   5
-52774  -21059  5   2
-42211  -42253  4   4
-31580   53107  3  -5
 53172   53102 -5  -5
-52773   42508  5  -4
-10398  -21054  1   2
-31607  -10466  3   1
-52801   53108  5  -5
-52813  -21054  5   2
-31600   42511  3  -4
-31631   21317  3  -2
 42532  -31649 -4   3
